18 18 18 18 18 18 18 18 18 18 18 18 18 18 18 18 18 18 18 18 18 18 18 18 18 18 18 18 18 18 18 18 18 18 18 18 18 18 18 
18 18 18 18 18 18 18 18 18 18 18 18 18 18 18 18 18 18 18 18 18 18 18 18 18 18 18 18 18 18 18 18 18 18 18 18 18 18 18 
18 18 18 18 18 18 18 18 18 18 18 18 18 18 18 18 18 18 18 18 18 18 18 18 18 18 18 18 18 18 18 18 18 18 18 18 18 18 18 
18 18 18 18 18 18 18 18 18 18 18 18 18 18 18 18 18 18 18 18 18 18 18 18 18 18 18 18 18 18 18 18 18 18 18 18 18 18 18 
18 18 18 18 18 18 18 18 18 18 18 18 18 18 18 18 18 18 18 18 18 18 18 18 18 18 18 18 18 18 18 18 18 18 18 18 18 18 18 
18 18 18 18 18 18 18 18 18 18 18 18 18 18 18 18 18 18 18 18 18 18 18 18 18 18 18 18 18 18 18 18 18 18 18 18 18 18 18 
0 0 0 0 0 0 0 0 0 0 0 0 0 0 0 0 0 0 0 0 0 0 0 0 0 0 0 0 0 0 0 0 0 0 0 0 0 0 0 
0 0 0 0 0 0 0 0 0 0 0 0 0 0 0 0 0 0 0 0 0 0 0 0 0 0 0 0 0 0 0 0 0 0 0 0 0 0 0 
0 0 0 0 0 0 0 0 0 0 0 0 0 0 0 0 0 0 0 0 0 0 0 0 0 0 0 0 0 0 0 0 0 0 0 0 0 0 0 
342 342 342 342 342 342 342 342 342 342 342 342 342 342 342 342 342 342 342 342 342 342 342 342 342 342 342 342 342 342 342 342 342 342 342 342 342 342 342 
342 342 342 342 342 342 342 342 342 342 342 342 342 342 342 342 342 342 342 342 342 342 342 342 342 342 342 342 342 342 342 342 342 342 342 342 342 342 342 
342 342 342 342 342 342 342 342 342 342 342 342 342 342 342 342 342 342 342 342 342 342 342 342 342 342 342 342 342 342 342 342 342 342 342 342 342 342 342 
342 342 342 342 342 342 342 342 342 342 342 342 342 342 342 342 342 36 36 36 36 36 36 36 36 36 36 36 36 36 36 36 36 36 36 36 36 36 36 
342 341 339 336 332 327 321 314 306 297 287 276 264 251 237 222 206 189 172 156 141 127 114 102 91 81 72 64 57 51 46 42 39 37 36 36 36 36 36 
342 342 342 342 342 342 342 342 342 342 342 342 342 342 342 342 342 180 36 36 36 36 36 36 36 36 36 36 36 36 36 36 36 36 36 36 36 36 36 
0 0 0 0 0 0 0 0 0 0 0 0 0 0 0 0 0 306 306 306 306 306 306 306 306 306 306 306 306 306 306 306 306 306 306 306 306 306 306 
0 1 3 6 10 15 21 28 36 45 55 66 78 91 105 120 136 153 170 186 201 215 228 240 251 261 270 278 285 291 296 300 303 305 306 306 306 306 306 
0 0 0 0 0 0 0 0 0 0 0 0 0 0 0 0 0 162 306 306 306 306 306 306 306 306 306 306 306 306 306 306 306 306 306 306 306 306 306 
